7894550601234	0	6
7894550601235	1	6
7894550601236	2	6
7894550601237	3	6
7894550601238	4	6
7894550601239	5	6
7894550601240	6	6
7894550601241	7	6
7894550601242	8	6
7894550601243	9	6
7894550601244	10	6
7894550601245	11	6
7894550601246	12	6
7894550601247	13	6
7894550601248	14	6
7894550601249	15	6
7894550601250	16	6
7894550601251	17	6
7894550601252	18	6
7894550601253	19	6
7894550601254	20	6
7894550601255	21	6
7894550601256	22	6
7894550601257	23	6
7894550601258	24	6
7894550601259	25	6
7894550601260	26	6
7894550601261	27	6
7894550601262	28	6
7894550601263	29	6
7894550601264	30	6
7894550601265	31	6
7894550601266	32	6
7894550601267	33	6
7894550601268	34	6
7894550601269	35	6
7894550601270	36	6
7894550601271	37	6
7894550601272	38	6
7894550601273	39	6
7894550601274	40	6
7894550601275	41	6
7894550601276	42	6
7894550601277	43	6
7894550601278	44	6
7894550601279	45	6
7894550601280	46	6
7894550601281	47	6
7894550601282	48	6
7894550601283	49	6
7894550601284	50	6
7894550601285	51	6
7894550601286	52	6
7894550601287	53	6
7894550601288	54	6
7894550601289	55	6
7894550601290	56	6
7894550601291	57	6
7894550601292	58	6
7894550601293	59	6
7894550601294	60	6
7894550601295	61	6
7894550601296	62	6
7894550601297	63	6
7894550601298	64	6
7894550601299	65	6
7894550601300	66	6
7894550601301	67	6
7894550601302	68	6
7894550601303	69	6
7894550601304	70	6
7894550601305	71	6
7894550601306	72	6
7894550601307	73	6
7894550601308	74	6
7894550601309	75	6
7894550601310	76	6
7894550601311	77	6
7894550601312	78	6
7894550601313	79	6
7894550601314	80	6
7894550601315	81	6
7894550601316	82	6
7894550601317	83	6
7894550601318	84	6
7894550601319	85	6
7894550601320	86	6
7894550601321	87	6
7894550601322	88	6
7894550601323	89	6
7894550601324	90	6
7894550601325	91	6
7894550601326	92	6
7894550601327	93	6
7894550601328	94	6
7894550601329	95	6
7894550601330	96	6
7894550601331	97	6
7894550601332	98	6
7894550601333	99	6
7894550601334	100	6
7894550601335	101	6
7894550601336	102	6
7894550601337	103	6
7894550601338	104	6
7894550601339	105	6
7894550601340	106	6
7894550601341	107	6
7894550601342	108	6
7894550601343	109	6
7894550601344	110	6
7894550601345	111	6
7894550601346	112	6
7894550601347	113	6
7894550601348	114	6
7894550601349	115	6
7894550601350	116	6
7894550601351	117	6
7894550601352	118	6
7894550601353	119	6
7894550601354	120	6
7894550601355	121	6
7894550601356	122	6
7894550601357	123	6
7894550601358	124	6
7894550601359	125	6
7894550601360	126	6
7894550601361	127	6
7894550601362	128	6
7894550601363	129	6
7894550601364	130	6
7894550601365	131	6
7894550601366	132	6
7894550601367	133	6
7894550601368	134	6
7894550601369	135	6
7894550601370	136	6
7894550601371	137	6
7894550601372	138	6
7894550601373	139	6
7894550601374	140	6
7894550601375	141	6
7894550601376	142	6
7894550601377	143	6
7894550601378	144	6
7894550601379	145	6
7894550601380	146	6
7894550601381	147	6
7894550601382	148	6
7894550601383	149	6
7894550601384	150	6
7894550601385	151	6
7894550601386	152	6
7894550601387	153	6
7894550601388	154	6
7894550601389	155	6
7894550601390	156	6
7894550601391	157	6
7894550601392	158	6
7894550601393	159	6
7894550601394	160	6
7894550601395	161	6
7894550601396	162	6
7894550601397	163	6
7894550601398	164	6
7894550601399	165	6
7894550601400	166	6
7894550601401	167	6
7894550601402	168	6
7894550601403	169	6
7894550601404	170	6
7894550601405	171	6
7894550601406	172	6
7894550601407	173	6
7894550601408	174	6
7894550601409	175	6
7894550601410	176	6
7894550601411	177	6
7894550601412	178	6
7894550601413	179	6
7894550601414	180	6
7894550601415	181	6
7894550601416	182	6
7894550601417	183	6
7894550601418	184	6
7894550601419	185	6
7894550601420	186	6
7894550601421	187	6
7894550601422	188	6
7894550601423	189	6
7894550601424	190	6
7894550601425	191	6
7894550601426	192	6
7894550601427	193	6
7894550601428	194	6
7894550601429	195	6
7894550601430	196	6
7894550601431	197	6
7894550601432	198	6
7894550601433	199	6
7894550601434	200	6
7894550601435	201	6
7894550601436	202	6
7894550601437	203	6
7894550601438	204	6
7894550601439	205	6
7894550601440	206	6
7894550601441	207	6
7894550601442	208	6
7894550601443	209	6
7894550601444	210	6
7894550601445	211	6
7894550601446	212	6
7894550601447	213	6
7894550601448	214	6
7894550601449	215	6
7894550601450	216	6
7894550601451	217	6
7894550601452	218	6
7894550601453	219	6
7894550601454	220	6
7894550601455	221	6
7894550601456	222	6
7894550601457	223	6
7894550601458	224	6
7894550601459	225	6
7894550601460	226	6
7894550601461	227	6
7894550601462	228	6
7894550601463	229	6
7894550601464	230	6
7894550601465	231	6
7894550601466	232	6
7894550601467	233	6
7894550601468	234	6
7894550601469	235	6
7894550601470	236	6
7894550601471	237	6
7894550601472	238	6
7894550601473	239	6
7894550601474	240	6
7894550601475	241	6
7894550601476	242	6
7894550601477	243	6
7894550601478	244	6
7894550601479	245	6
7894550601480	246	6
7894550601481	247	6
7894550601482	248	6
7894550601483	249	6
7894550601484	250	6
7894550601485	251	6
7894550601486	252	6
7894550601487	253	6
7894550601488	254	6
7894550601489	255	6
7894550601490	256	6
7894550601491	257	6
7894550601492	258	6
7894550601493	259	6
7894550601494	260	6
7894550601495	261	6
7894550601496	262	6
7894550601497	263	6
7894550601498	264	6
7894550601499	265	6
7894550601500	266	6
7894550601501	267	6
7894550601502	268	6
7894550601503	269	6
7894550601504	270	6
7894550601505	271	6
7894550601506	272	6
7894550601507	273	6
7894550601508	274	6
7894550601509	275	6
7894550601510	276	6
7894550601511	277	6
7894550601512	278	6
7894550601513	279	6
7894550601514	280	6
7894550601515	281	6
7894550601516	282	6
7894550601517	283	6
7894550601518	284	6
7894550601519	285	6
7894550601520	286	6
7894550601521	287	6
7894550601522	288	6
7894550601523	289	6
7894550601524	290	6
7894550601525	291	6
7894550601526	292	6
7894550601527	293	6
7894550601528	294	6
7894550601529	295	6
7894550601530	296	6
7894550601531	297	6
7894550601532	298	6
7894550601533	299	6
7894550601534	300	6
7894550601535	301	6
7894550601536	302	6
7894550601537	303	6
7894550601538	304	6
7894550601539	305	6
7894550601540	306	6
7894550601541	307	6
7894550601542	308	6
7894550601543	309	6
7894550601544	310	6
7894550601545	311	6
7894550601546	312	6
7894550601547	313	6
7894550601548	314	6
7894550601549	315	6
7894550601550	316	6
7894550601551	317	6
7894550601552	318	6
7894550601553	319	6
7894550601554	320	6
7894550601555	321	6
7894550601556	322	6
7894550601557	323	6
7894550601558	324	6
7894550601559	325	6
7894550601560	326	6
7894550601561	327	6
7894550601562	328	6
7894550601563	329	6
7894550601564	330	6
7894550601565	331	6
7894550601566	332	6
7894550601567	333	6
7894550601568	334	6
7894550601569	335	6
7894550601570	336	6
7894550601571	337	6
7894550601572	338	6
7894550601573	339	6
7894550601574	340	6
7894550601575	341	6
7894550601576	342	6
7894550601577	343	6
7894550601578	344	6
7894550601579	345	6
7894550601580	346	6
7894550601581	347	6
7894550601582	348	6
7894550601583	349	6
7894550601584	350	6
7894550601585	351	6
7894550601586	352	6
7894550601587	353	6
7894550601588	354	6
7894550601589	355	6
7894550601590	356	6
7894550601591	357	6
7894550601592	358	6
7894550601593	359	6
7894550601594	360	6
7894550601595	361	6
7894550601596	362	6
7894550601597	363	6
7894550601598	364	6
7894550601599	365	6
7894550601600	366	6
7894550601601	367	6
7894550601602	368	6
7894550601603	369	6
7894550601604	370	6
7894550601605	371	6
7894550601606	372	6
7894550601607	373	6
7894550601608	374	6
7894550601609	375	6
7894550601610	376	6
7894550601611	377	6
7894550601612	378	6
7894550601613	379	6
7894550601614	380	6
7894550601615	381	6
7894550601616	382	6
7894550601617	383	6
7894550601618	384	6
7894550601619	385	6
7894550601620	386	6
7894550601621	387	6
7894550601622	388	6
7894550601623	389	6
7894550601624	390	6
7894550601625	391	6
7894550601626	392	6
7894550601627	393	6
7894550601628	394	6
7894550601629	395	6
7894550601630	396	6
7894550601631	397	6
7894550601632	398	6
7894550601633	399	6
7894550601634	400	6
7894550601635	401	6
7894550601636	402	6
7894550601637	403	6
7894550601638	404	6
7894550601639	405	6
7894550601640	406	6
7894550601641	407	6
7894550601642	408	6
7894550601643	409	6
7894550601644	410	6
7894550601645	411	6
7894550601646	412	6
7894550601647	413	6
7894550601648	414	6
7894550601649	415	6
7894550601650	416	6
7894550601651	417	6
7894550601652	418	6
7894550601653	419	6
7894550601654	420	6
7894550601655	421	6
7894550601656	422	6
7894550601657	423	6
7894550601658	424	6
7894550601659	425	6
7894550601660	426	6
7894550601661	427	6
7894550601662	428	6
7894550601663	429	6
7894550601664	430	6
7894550601665	431	6
7894550601666	432	6
7894550601667	433	6
7894550601668	434	6
7894550601669	435	6
7894550601670	436	6
7894550601671	437	6
7894550601672	438	6
7894550601673	439	6
7894550601674	440	6
7894550601675	441	6
7894550601676	442	6
7894550601677	443	6
7894550601678	444	6
7894550601679	445	6
7894550601680	446	6
7894550601681	447	6
7894550601682	448	6
7894550601683	449	6
7894550601684	450	6
7894550601685	451	6
7894550601686	452	6
7894550601687	453	6
7894550601688	454	6
7894550601689	455	6
7894550601690	456	6
7894550601691	457	6
7894550601692	458	6
7894550601693	459	6
7894550601694	460	6
7894550601695	461	6
7894550601696	462	6
7894550601697	463	6
7894550601698	464	6
7894550601699	465	6
7894550601700	466	6
7894550601701	467	6
7894550601702	468	6
7894550601703	469	6
7894550601704	470	6
7894550601705	471	6
7894550601706	472	6
7894550601707	473	6
7894550601708	474	6
7894550601709	475	6
7894550601710	476	6
7894550601711	477	6
7894550601712	478	6
7894550601713	479	6
7894550601714	480	6
7894550601715	481	6
7894550601716	482	6
7894550601717	483	6
7894550601718	484	6
7894550601719	485	6
7894550601720	486	6
7894550601721	487	6
7894550601722	488	6
7894550601723	489	6
7894550601724	490	6
7894550601725	491	6
7894550601726	492	6
7894550601727	493	6
7894550601728	494	6
7894550601729	495	6
7894550601730	496	6
7894550601731	497	6
7894550601732	498	6
7894550601733	499	6
7894550601734	500	6
7894550601735	501	6
7894550601736	502	6
7894550601737	503	6
7894550601738	504	6
7894550601739	505	6
7894550601740	506	6
7894550601741	507	6
7894550601742	508	6
7894550601743	509	6
7894550601744	510	6
7894550601745	511	6
7894550601746	512	6
7894550601747	513	6
7894550601748	514	6
7894550601749	515	6
7894550601750	516	6
7894550601751	517	6
7894550601752	518	6
7894550601753	519	6
7894550601754	520	6
7894550601755	521	6
7894550601756	522	6
7894550601757	523	6
7894550601758	524	6
7894550601759	525	6
7894550601760	526	6
7894550601761	527	6
7894550601762	528	6
7894550601763	529	6
7894550601764	530	6
7894550601765	531	6
7894550601766	532	6
7894550601767	533	6
7894550601768	534	6
7894550601769	535	6
7894550601770	536	6
7894550601771	537	6
7894550601772	538	6
7894550601773	539	6
7894550601774	540	6
7894550601775	541	6
7894550601776	542	6
7894550601777	543	6
7894550601778	544	6
7894550601779	545	6
7894550601780	546	6
7894550601781	547	6
7894550601782	548	6
7894550601783	549	6
7894550601784	550	6
7894550601785	551	6
7894550601786	552	6
7894550601787	553	6
7894550601788	554	6
7894550601789	555	6
7894550601790	556	6
7894550601791	557	6
7894550601792	558	6
7894550601793	559	6
7894550601794	560	6
7894550601795	561	6
7894550601796	562	6
7894550601797	563	6
7894550601798	564	6
7894550601799	565	6
7894550601800	566	6
7894550601801	567	6
7894550601802	568	6
7894550601803	569	6
7894550601804	570	6
7894550601805	571	6
7894550601806	572	6
7894550601807	573	6
7894550601808	574	6
7894550601809	575	6
7894550601810	576	6
7894550601811	577	6
7894550601812	578	6
7894550601813	579	6
7894550601814	580	6
7894550601815	581	6
7894550601816	582	6
7894550601817	583	6
7894550601818	584	6
7894550601819	585	6
7894550601820	586	6
7894550601821	587	6
7894550601822	588	6
7894550601823	589	6
7894550601824	590	6
7894550601825	591	6
7894550601826	592	6
7894550601827	593	6
7894550601828	594	6
7894550601829	595	6
7894550601830	596	6
7894550601831	597	6
7894550601832	598	6
7894550601833	599	6
7894550601834	600	6
7894550601835	601	6
7894550601836	602	6
7894550601837	603	6
7894550601838	604	6
7894550601839	605	6
7894550601840	606	6
7894550601841	607	6
7894550601842	608	6
7894550601843	609	6
7894550601844	610	6
7894550601845	611	6
7894550601846	612	6
7894550601847	613	6
7894550601848	614	6
7894550601849	615	6
7894550601850	616	6
7894550601851	617	6
7894550601852	618	6
7894550601853	619	6
7894550601854	620	6
7894550601855	621	6
7894550601856	622	6
7894550601857	623	6
7894550601858	624	6
7894550601859	625	6
7894550601860	626	6
7894550601861	627	6
7894550601862	628	6
7894550601863	629	6
7894550601864	630	6
7894550601865	631	6
7894550601866	632	6
7894550601867	633	6
7894550601868	634	6
7894550601869	635	6
7894550601870	636	6
7894550601871	637	6
7894550601872	638	6
7894550601873	639	6
7894550601874	640	6
7894550601875	641	6
7894550601876	642	6
7894550601877	643	6
7894550601878	644	6
7894550601879	645	6
7894550601880	646	6
7894550601881	647	6
7894550601882	648	6
7894550601883	649	6
7894550601884	650	6
7894550601885	651	6
7894550601886	652	6
7894550601887	653	6
7894550601888	654	6
7894550601889	655	6
7894550601890	656	6
7894550601891	657	6
7894550601892	658	6
7894550601893	659	6
7894550601894	660	6
7894550601895	661	6
7894550601896	662	6
7894550601897	663	6
7894550601898	664	6
7894550601899	665	6
7894550601900	666	6
7894550601901	667	6
7894550601902	668	6
7894550601903	669	6
7894550601904	670	6
7894550601905	671	6
7894550601906	672	6
7894550601907	673	6
7894550601908	674	6
7894550601909	675	6
7894550601910	676	6
7894550601911	677	6
7894550601912	678	6
7894550601913	679	6
7894550601914	680	6
7894550601915	681	6
7894550601916	682	6
7894550601917	683	6
7894550601918	684	6
7894550601919	685	6
7894550601920	686	6
7894550601921	687	6
7894550601922	688	6
7894550601923	689	6
7894550601924	690	6
7894550601925	691	6
7894550601926	692	6
7894550601927	693	6
7894550601928	694	6
7894550601929	695	6
7894550601930	696	6
7894550601931	697	6
7894550601932	698	6
7894550601933	699	6
7894550601934	700	6
7894550601935	701	6
7894550601936	702	6
7894550601937	703	6
7894550601938	704	6
7894550601939	705	6
7894550601940	706	6
7894550601941	707	6
7894550601942	708	6
7894550601943	709	6
7894550601944	710	6
7894550601945	711	6
7894550601946	712	6
7894550601947	713	6
7894550601948	714	6
7894550601949	715	6
7894550601950	716	6
7894550601951	717	6
7894550601952	718	6
7894550601953	719	6
7894550601954	720	6
7894550601955	721	6
7894550601956	722	6
7894550601957	723	6
7894550601958	724	6
7894550601959	725	6
7894550601960	726	6
7894550601961	727	6
7894550601962	728	6
7894550601963	729	6
7894550601964	730	6
7894550601965	731	6
7894550601966	732	6
7894550601967	733	6
7894550601968	734	6
7894550601969	735	6
7894550601970	736	6
7894550601971	737	6
7894550601972	738	6
7894550601973	739	6
7894550601974	740	6
7894550601975	741	6
7894550601976	742	6
7894550601977	743	6
7894550601978	744	6
7894550601979	745	6
7894550601980	746	6
7894550601981	747	6
7894550601982	748	6
7894550601983	749	6
7894550601984	750	6
7894550601985	751	6
7894550601986	752	6
7894550601987	753	6
7894550601988	754	6
7894550601989	755	6
7894550601990	756	6
7894550601991	757	6
7894550601992	758	6
7894550601993	759	6
7894550601994	760	6
7894550601995	761	6
7894550601996	762	6
7894550601997	763	6
7894550601998	764	6
7894550601999	765	6
7894550602000	766	6
7894550602001	767	6
7894550602002	768	6
7894550602003	769	6
7894550602004	770	6
7894550602005	771	6
7894550602006	772	6
7894550602007	773	6
7894550602008	774	6
7894550602009	775	6
7894550602010	776	6
7894550602011	777	6
7894550602012	778	6
7894550602013	779	6
7894550602014	780	6
7894550602015	781	6
7894550602016	782	6
7894550602017	783	6
7894550602018	784	6
7894550602019	785	6
7894550602020	786	6
7894550602021	787	6
7894550602022	788	6
7894550602023	789	6
7894550602024	790	6
7894550602025	791	6
7894550602026	792	6
7894550602027	793	6
7894550602028	794	6
7894550602029	795	6
7894550602030	796	6
7894550602031	797	6
7894550602032	798	6
7894550602033	799	6
7894550602034	800	6
7894550602035	801	6
7894550602036	802	6
7894550602037	803	6
7894550602038	804	6
7894550602039	805	6
7894550602040	806	6
7894550602041	807	6
7894550602042	808	6
7894550602043	809	6
7894550602044	810	6
7894550602045	811	6
7894550602046	812	6
7894550602047	813	6
7894550602048	814	6
7894550602049	815	6
7894550602050	816	6
7894550602051	817	6
7894550602052	818	6
7894550602053	819	6
7894550602054	820	6
7894550602055	821	6
7894550602056	822	6
7894550602057	823	6
7894550602058	824	6
7894550602059	825	6
7894550602060	826	6
7894550602061	827	6
7894550602062	828	6
7894550602063	829	6
7894550602064	830	6
7894550602065	831	6
7894550602066	832	6
7894550602067	833	6
7894550602068	834	6
7894550602069	835	6
7894550602070	836	6
7894550602071	837	6
7894550602072	838	6
7894550602073	839	6
7894550602074	840	6
7894550602075	841	6
7894550602076	842	6
7894550602077	843	6
7894550602078	844	6
7894550602079	845	6
7894550602080	846	6
7894550602081	847	6
7894550602082	848	6
7894550602083	849	6
7894550602084	850	6
7894550602085	851	6
7894550602086	852	6
7894550602087	853	6
7894550602088	854	6
7894550602089	855	6
7894550602090	856	6
7894550602091	857	6
7894550602092	858	6
7894550602093	859	6
7894550602094	860	6
7894550602095	861	6
7894550602096	862	6
7894550602097	863	6
7894550602098	864	6
7894550602099	865	6
7894550602100	866	6
7894550602101	867	6
7894550602102	868	6
7894550602103	869	6
7894550602104	870	6
7894550602105	871	6
7894550602106	872	6
7894550602107	873	6
7894550602108	874	6
7894550602109	875	6
7894550602110	876	6
7894550602111	877	6
7894550602112	878	6
7894550602113	879	6
7894550602114	880	6
7894550602115	881	6
7894550602116	882	6
7894550602117	883	6
7894550602118	884	6
7894550602119	885	6
7894550602120	886	6
7894550602121	887	6
7894550602122	888	6
7894550602123	889	6
7894550602124	890	6
7894550602125	891	6
7894550602126	892	6
7894550602127	893	6
7894550602128	894	6
7894550602129	895	6
7894550602130	896	6
7894550602131	897	6
7894550602132	898	6
7894550602133	899	6
7894550602134	900	6
7894550602135	901	6
7894550602136	902	6
7894550602137	903	6
7894550602138	904	6
7894550602139	905	6
7894550602140	906	6
7894550602141	907	6
7894550602142	908	6
7894550602143	909	6
7894550602144	910	6
7894550602145	911	6
7894550602146	912	6
7894550602147	913	6
7894550602148	914	6
7894550602149	915	6
7894550602150	916	6
7894550602151	917	6
7894550602152	918	6
7894550602153	919	6
7894550602154	920	6
7894550602155	921	6
7894550602156	922	6
7894550602157	923	6
7894550602158	924	6
7894550602159	925	6
7894550602160	926	6
7894550602161	927	6
7894550602162	928	6
7894550602163	929	6
7894550602164	930	6
7894550602165	931	6
7894550602166	932	6
7894550602167	933	6
7894550602168	934	6
7894550602169	935	6
7894550602170	936	6
7894550602171	937	6
7894550602172	938	6
7894550602173	939	6
7894550602174	940	6
7894550602175	941	6
7894550602176	942	6
7894550602177	943	6
7894550602178	944	6
7894550602179	945	6
7894550602180	946	6
7894550602181	947	6
7894550602182	948	6
7894550602183	949	6
7894550602184	950	6
7894550602185	951	6
7894550602186	952	6
7894550602187	953	6
7894550602188	954	6
7894550602189	955	6
7894550602190	956	6
7894550602191	957	6
7894550602192	958	6
7894550602193	959	6
7894550602194	960	6
7894550602195	961	6
7894550602196	962	6
7894550602197	963	6
7894550602198	964	6
7894550602199	965	6
7894550602200	966	6
7894550602201	967	6
7894550602202	968	6
7894550602203	969	6
7894550602204	970	6
7894550602205	971	6
7894550602206	972	6
7894550602207	973	6
7894550602208	974	6
7894550602209	975	6
7894550602210	976	6
7894550602211	977	6
7894550602212	978	6
7894550602213	979	6
7894550602214	980	6
7894550602215	981	6
7894550602216	982	6
7894550602217	983	6
7894550602218	984	6
7894550602219	985	6
7894550602220	986	6
7894550602221	987	6
7894550602222	988	6
7894550602223	989	6
7894550602224	990	6
7894550602225	991	6
7894550602226	992	6
7894550602227	993	6
7894550602228	994	6
7894550602229	995	6
7894550602230	996	6
7894550602231	997	6
7894550602232	998	6
7894550602233	999	6
7894550602234	1000	6
7894550602235	1001	6
7894550602236	1002	6
7894550602237	1003	6
7894550602238	1004	6
7894550602239	1005	6
7894550602240	1006	6
7894550602241	1007	6
7894550602242	1008	6
7894550602243	1009	6
7894550602244	1010	6
7894550602245	1011	6
7894550602246	1012	6
7894550602247	1013	6
7894550602248	1014	6
7894550602249	1015	6
7894550602250	1016	6
7894550602251	1017	6
7894550602252	1018	6
7894550602253	1019	6
7894550602254	1020	6
7894550602255	1021	6
7894550602256	1022	6
7894550602257	1023	6
7894550602258	1024	6
7894550602259	1025	6
7894550602260	1026	6
7894550602261	1027	6
7894550602262	1028	6
7894550602263	1029	6
7894550602264	1030	6
7894550602265	1031	6
7894550602266	1032	6
7894550602267	1033	6
7894550602268	1034	6
7894550602269	1035	6
7894550602270	1036	6
7894550602271	1037	6
7894550602272	1038	6
7894550602273	1039	6
7894550602274	1040	6
7894550602275	1041	6
7894550602276	1042	6
7894550602277	1043	6
7894550602278	1044	6
7894550602279	1045	6
7894550602280	1046	6
7894550602281	1047	6
7894550602282	1048	6
7894550602283	1049	6
7894550602284	1050	6
7894550602285	1051	6
7894550602286	1052	6
7894550602287	1053	6
7894550602288	1054	6
7894550602289	1055	6
7894550602290	1056	6
7894550602291	1057	6
7894550602292	1058	6
7894550602293	1059	6
7894550602294	1060	6
7894550602295	1061	6
7894550602296	1062	6
7894550602297	1063	6
7894550602298	1064	6
7894550602299	1065	6
7894550602300	1066	6
7894550602301	1067	6
7894550602302	1068	6
7894550602303	1069	6
7894550602304	1070	6
7894550602305	1071	6
7894550602306	1072	6
7894550602307	1073	6
7894550602308	1074	6
7894550602309	1075	6
7894550602310	1076	6
7894550602311	1077	6
7894550602312	1078	6
7894550602313	1079	6
7894550602314	1080	6
7894550602315	1081	6
7894550602316	1082	6
7894550602317	1083	6
7894550602318	1084	6
7894550602319	1085	6
7894550602320	1086	6
7894550602321	1087	6
7894550602322	1088	6
7894550602323	1089	6
7894550602324	1090	6
7894550602325	1091	6
7894550602326	1092	6
7894550602327	1093	6
7894550602328	1094	6
7894550602329	1095	6
7894550602330	1096	6
7894550602331	1097	6
7894550602332	1098	6
7894550602333	1099	6
7894550602334	1100	6
7894550602335	1101	6
7894550602336	1102	6
7894550602337	1103	6
7894550602338	1104	6
7894550602339	1105	6
7894550602340	1106	6
7894550602341	1107	6
7894550602342	1108	6
7894550602343	1109	6
7894550602344	1110	6
7894550602345	1111	6
7894550602346	1112	6
7894550602347	1113	6
7894550602348	1114	6
7894550602349	1115	6
7894550602350	1116	6
7894550602351	1117	6
7894550602352	1118	6
7894550602353	1119	6
7894550602354	1120	6
7894550602355	1121	6
7894550602356	1122	6
7894550602357	1123	6
7894550602358	1124	6
7894550602359	1125	6
7894550602360	1126	6
7894550602361	1127	6
7894550602362	1128	6
7894550602363	1129	6
7894550602364	1130	6
7894550602365	1131	6
7894550602366	1132	6
7894550602367	1133	6
7894550602368	1134	6
7894550602369	1135	6
7894550602370	1136	6
7894550602371	1137	6
7894550602372	1138	6
7894550602373	1139	6
7894550602374	1140	6
7894550602375	1141	6
7894550602376	1142	6
7894550602377	1143	6
7894550602378	1144	6
7894550602379	1145	6
7894550602380	1146	6
7894550602381	1147	6
7894550602382	1148	6
7894550602383	1149	6
7894550602384	1150	6
7894550602385	1151	6
7894550602386	1152	6
7894550602387	1153	6
7894550602388	1154	6
7894550602389	1155	6
7894550602390	1156	6
7894550602391	1157	6
7894550602392	1158	6
7894550602393	1159	6
7894550602394	1160	6
7894550602395	1161	6
7894550602396	1162	6
7894550602397	1163	6
7894550602398	1164	6
7894550602399	1165	6
7894550602400	1166	6
7894550602401	1167	6
7894550602402	1168	6
7894550602403	1169	6
7894550602404	1170	6
7894550602405	1171	6
7894550602406	1172	6
7894550602407	1173	6
7894550602408	1174	6
7894550602409	1175	6
7894550602410	1176	6
7894550602411	1177	6
7894550602412	1178	6
7894550602413	1179	6
7894550602414	1180	6
7894550602415	1181	6
7894550602416	1182	6
7894550602417	1183	6
7894550602418	1184	6
7894550602419	1185	6
7894550602420	1186	6
7894550602421	1187	6
7894550602422	1188	6
7894550602423	1189	6
7894550602424	1190	6
7894550602425	1191	6
7894550602426	1192	6
7894550602427	1193	6
7894550602428	1194	6
7894550602429	1195	6
7894550602430	1196	6
7894550602431	1197	6
7894550602432	1198	6
7894550602433	1199	6
7894550602434	1200	6
7894550602435	1201	6
7894550602436	1202	6
7894550602437	1203	6
7894550602438	1204	6
7894550602439	1205	6
7894550602440	1206	6
7894550602441	1207	6
7894550602442	1208	6
7894550602443	1209	6
7894550602444	1210	6
7894550602445	1211	6
7894550602446	1212	6
7894550602447	1213	6
7894550602448	1214	6
7894550602449	1215	6
7894550602450	1216	6
7894550602451	1217	6
7894550602452	1218	6
7894550602453	1219	6
7894550602454	1220	6
7894550602455	1221	6
7894550602456	1222	6
7894550602457	1223	6
7894550602458	1224	6
7894550602459	1225	6
7894550602460	1226	6
7894550602461	1227	6
7894550602462	1228	6
7894550602463	1229	6
7894550602464	1230	6
7894550602465	1231	6
7894550602466	1232	6
7894550602467	1233	6
7894550602468	1234	6
7894550602469	1235	6
7894550602470	1236	6
7894550602471	1237	6
7894550602472	1238	6
7894550602473	1239	6
7894550602474	1240	6
7894550602475	1241	6
7894550602476	1242	6
7894550602477	1243	6
7894550602478	1244	6
7894550602479	1245	6
7894550602480	1246	6
7894550602481	1247	6
7894550602482	1248	6
7894550602483	1249	6
7894550602484	1250	6
7894550602485	1251	6
7894550602486	1252	6
7894550602487	1253	6
7894550602488	1254	6
7894550602489	1255	6
7894550602490	1256	6
7894550602491	1257	6
7894550602492	1258	6
7894550602493	1259	6
7894550602494	1260	6
7894550602495	1261	6
7894550602496	1262	6
7894550602497	1263	6
7894550602498	1264	6
7894550602499	1265	6
7894550602500	1266	6
7894550602501	1267	6
7894550602502	1268	6
7894550602503	1269	6
7894550602504	1270	6
7894550602505	1271	6
7894550602506	1272	6
7894550602507	1273	6
7894550602508	1274	6
7894550602509	1275	6
7894550602510	1276	6
7894550602511	1277	6
7894550602512	1278	6
7894550602513	1279	6
7894550602514	1280	6
7894550602515	1281	6
7894550602516	1282	6
7894550602517	1283	6
7894550602518	1284	6
7894550602519	1285	6
7894550602520	1286	6
7894550602521	1287	6
7894550602522	1288	6
7894550602523	1289	6
7894550602524	1290	6
7894550602525	1291	6
7894550602526	1292	6
7894550602527	1293	6
7894550602528	1294	6
7894550602529	1295	6
7894550602530	1296	6
7894550602531	1297	6
7894550602532	1298	6
7894550602533	1299	6
7894550602534	1300	6
7894550602535	1301	6
7894550602536	1302	6
7894550602537	1303	6
7894550602538	1304	6
7894550602539	1305	6
7894550602540	1306	6
7894550602541	1307	6
7894550602542	1308	6
7894550602543	1309	6
7894550602544	1310	6
7894550602545	1311	6
7894550602546	1312	6
7894550602547	1313	6
7894550602548	1314	6
7894550602549	1315	6
7894550602550	1316	6
7894550602551	1317	6
7894550602552	1318	6
7894550602553	1319	6
7894550602554	1320	6
7894550602555	1321	6
7894550602556	1322	6
7894550602557	1323	6
7894550602558	1324	6
7894550602559	1325	6
7894550602560	1326	6
7894550602561	1327	6
7894550602562	1328	6
7894550602563	1329	6
7894550602564	1330	6
7894550602565	1331	6
7894550602566	1332	6
7894550602567	1333	6
7894550602568	1334	6
7894550602569	1335	6
7894550602570	1336	6
7894550602571	1337	6
7894550602572	1338	6
7894550602573	1339	6
7894550602574	1340	6
7894550602575	1341	6
7894550602576	1342	6
7894550602577	1343	6
7894550602578	1344	6
7894550602579	1345	6
7894550602580	1346	6
7894550602581	1347	6
7894550602582	1348	6
7894550602583	1349	6
7894550602584	1350	6
7894550602585	1351	6
7894550602586	1352	6
7894550602587	1353	6
7894550602588	1354	6
7894550602589	1355	6
7894550602590	1356	6
7894550602591	1357	6
7894550602592	1358	6
7894550602593	1359	6
7894550602594	1360	6
7894550602595	1361	6
7894550602596	1362	6
7894550602597	1363	6
7894550602598	1364	6
7894550602599	1365	6
7894550602600	1366	6
7894550602601	1367	6
7894550602602	1368	6
7894550602603	1369	6
7894550602604	1370	6
7894550602605	1371	6
7894550602606	1372	6
7894550602607	1373	6
7894550602608	1374	6
7894550602609	1375	6
7894550602610	1376	6
7894550602611	1377	6
7894550602612	1378	6
7894550602613	1379	6
7894550602614	1380	6
7894550602615	1381	6
7894550602616	1382	6
7894550602617	1383	6
7894550602618	1384	6
7894550602619	1385	6
7894550602620	1386	6
7894550602621	1387	6
7894550602622	1388	6
7894550602623	1389	6
7894550602624	1390	6
7894550602625	1391	6
7894550602626	1392	6
7894550602627	1393	6
7894550602628	1394	6
7894550602629	1395	6
7894550602630	1396	6
7894550602631	1397	6
7894550602632	1398	6
7894550602633	1399	6
7894550602634	1400	6
7894550602635	1401	6
7894550602636	1402	6
7894550602637	1403	6
7894550602638	1404	6
7894550602639	1405	6
7894550602640	1406	6
7894550602641	1407	6
7894550602642	1408	6
7894550602643	1409	6
7894550602644	1410	6
7894550602645	1411	6
7894550602646	1412	6
7894550602647	1413	6
7894550602648	1414	6
7894550602649	1415	6
7894550602650	1416	6
7894550602651	1417	6
7894550602652	1418	6
7894550602653	1419	6
7894550602654	1420	6
7894550602655	1421	6
7894550602656	1422	6
7894550602657	1423	6
7894550602658	1424	6
7894550602659	1425	6
7894550602660	1426	6
7894550602661	1427	6
7894550602662	1428	6
7894550602663	1429	6
7894550602664	1430	6
7894550602665	1431	6
7894550602666	1432	6
7894550602667	1433	6
7894550602668	1434	6
7894550602669	1435	6
7894550602670	1436	6
7894550602671	1437	6
7894550602672	1438	6
7894550602673	1439	6
7894550602674	1440	6
7894550602675	1441	6
7894550602676	1442	6
7894550602677	1443	6
7894550602678	1444	6
7894550602679	1445	6
7894550602680	1446	6
7894550602681	1447	6
7894550602682	1448	6
7894550602683	1449	6
7894550602684	1450	6
7894550602685	1451	6
7894550602686	1452	6
7894550602687	1453	6
7894550602688	1454	6
7894550602689	1455	6
7894550602690	1456	6
7894550602691	1457	6
7894550602692	1458	6
7894550602693	1459	6
7894550602694	1460	6
7894550602695	1461	6
7894550602696	1462	6
7894550602697	1463	6
7894550602698	1464	6
7894550602699	1465	6
7894550602700	1466	6
7894550602701	1467	6
7894550602702	1468	6
7894550602703	1469	6
7894550602704	1470	6
7894550602705	1471	6
7894550602706	1472	6
7894550602707	1473	6
7894550602708	1474	6
7894550602709	1475	6
7894550602710	1476	6
7894550602711	1477	6
7894550602712	1478	6
7894550602713	1479	6
7894550602714	1480	6
7894550602715	1481	6
7894550602716	1482	6
7894550602717	1483	6
7894550602718	1484	6
7894550602719	1485	6
7894550602720	1486	6
7894550602721	1487	6
7894550602722	1488	6
7894550602723	1489	6
7894550602724	1490	6
7894550602725	1491	6
7894550602726	1492	6
7894550602727	1493	6
7894550602728	1494	6
7894550602729	1495	6
7894550602730	1496	6
7894550602731	1497	6
7894550602732	1498	6
7894550602733	1499	6
7894550602734	1500	6
7894550602735	1501	6
7894550602736	1502	6
7894550602737	1503	6
7894550602738	1504	6
7894550602739	1505	6
7894550602740	1506	6
7894550602741	1507	6
7894550602742	1508	6
7894550602743	1509	6
7894550602744	1510	6
7894550602745	1511	6
7894550602746	1512	6
7894550602747	1513	6
7894550602748	1514	6
7894550602749	1515	6
7894550602750	1516	6
7894550602751	1517	6
7894550602752	1518	6
7894550602753	1519	6
7894550602754	1520	6
7894550602755	1521	6
7894550602756	1522	6
7894550602757	1523	6
7894550602758	1524	6
7894550602759	1525	6
7894550602760	1526	6
7894550602761	1527	6
7894550602762	1528	6
7894550602763	1529	6
7894550602764	1530	6
7894550602765	1531	6
7894550602766	1532	6
7894550602767	1533	6
7894550602768	1534	6
7894550602769	1535	6
7894550602770	1536	6
7894550602771	1537	6
7894550602772	1538	6
7894550602773	1539	6
7894550602774	1540	6
7894550602775	1541	6
7894550602776	1542	6
7894550602777	1543	6
7894550602778	1544	6
7894550602779	1545	6
7894550602780	1546	6
7894550602781	1547	6
7894550602782	1548	6
7894550602783	1549	6
7894550602784	1550	6
7894550602785	1551	6
7894550602786	1552	6
7894550602787	1553	6
7894550602788	1554	6
7894550602789	1555	6
7894550602790	1556	6
7894550602791	1557	6
7894550602792	1558	6
7894550602793	1559	6
7894550602794	1560	6
7894550602795	1561	6
7894550602796	1562	6
7894550602797	1563	6
7894550602798	1564	6
7894550602799	1565	6
7894550602800	1566	6
7894550602801	1567	6
7894550602802	1568	6
7894550602803	1569	6
7894550602804	1570	6
7894550602805	1571	6
7894550602806	1572	6
7894550602807	1573	6
7894550602808	1574	6
7894550602809	1575	6
7894550602810	1576	6
7894550602811	1577	6
7894550602812	1578	6
7894550602813	1579	6
7894550602814	1580	6
7894550602815	1581	6
7894550602816	1582	6
7894550602817	1583	6
7894550602818	1584	6
7894550602819	1585	6
7894550602820	1586	6
7894550602821	1587	6
7894550602822	1588	6
7894550602823	1589	6
7894550602824	1590	6
7894550602825	1591	6
7894550602826	1592	6
7894550602827	1593	6
7894550602828	1594	6
7894550602829	1595	6
7894550602830	1596	6
7894550602831	1597	6
7894550602832	1598	6
7894550602833	1599	6
7894550602834	1600	6
7894550602835	1601	6
7894550602836	1602	6
7894550602837	1603	6
7894550602838	1604	6
7894550602839	1605	6
7894550602840	1606	6
7894550602841	1607	6
7894550602842	1608	6
7894550602843	1609	6
7894550602844	1610	6
7894550602845	1611	6
7894550602846	1612	6
7894550602847	1613	6
7894550602848	1614	6
7894550602849	1615	6
7894550602850	1616	6
7894550602851	1617	6
7894550602852	1618	6
7894550602853	1619	6
7894550602854	1620	6
7894550602855	1621	6
7894550602856	1622	6
7894550602857	1623	6
7894550602858	1624	6
7894550602859	1625	6
7894550602860	1626	6
7894550602861	1627	6
7894550602862	1628	6
7894550602863	1629	6
7894550602864	1630	6
7894550602865	1631	6
7894550602866	1632	6
7894550602867	1633	6
7894550602868	1634	6
7894550602869	1635	6
7894550602870	1636	6
7894550602871	1637	6
7894550602872	1638	6
7894550602873	1639	6
7894550602874	1640	6
7894550602875	1641	6
7894550602876	1642	6
7894550602877	1643	6
7894550602878	1644	6
7894550602879	1645	6
7894550602880	1646	6
7894550602881	1647	6
7894550602882	1648	6
7894550602883	1649	6
7894550602884	1650	6
7894550602885	1651	6
7894550602886	1652	6
7894550602887	1653	6
7894550602888	1654	6
7894550602889	1655	6
7894550602890	1656	6
7894550602891	1657	6
7894550602892	1658	6
7894550602893	1659	6
7894550602894	1660	6
7894550602895	1661	6
7894550602896	1662	6
7894550602897	1663	6
7894550602898	1664	6
7894550602899	1665	6
7894550602900	1666	6
7894550602901	1667	6
7894550602902	1668	6
7894550602903	1669	6
7894550602904	1670	6
7894550602905	1671	6
7894550602906	1672	6
7894550602907	1673	6
7894550602908	1674	6
7894550602909	1675	6
7894550602910	1676	6
7894550602911	1677	6
7894550602912	1678	6
7894550602913	1679	6
7894550602914	1680	6
7894550602915	1681	6
7894550602916	1682	6
7894550602917	1683	6
7894550602918	1684	6
7894550602919	1685	6
7894550602920	1686	6
7894550602921	1687	6
7894550602922	1688	6
7894550602923	1689	6
7894550602924	1690	6
7894550602925	1691	6
7894550602926	1692	6
7894550602927	1693	6
7894550602928	1694	6
7894550602929	1695	6
7894550602930	1696	6
7894550602931	1697	6
7894550602932	1698	6
7894550602933	1699	6
7894550602934	1700	6
7894550602935	1701	6
7894550602936	1702	6
7894550602937	1703	6
7894550602938	1704	6
7894550602939	1705	6
7894550602940	1706	6
7894550602941	1707	6
7894550602942	1708	6
7894550602943	1709	6
7894550602944	1710	6
7894550602945	1711	6
7894550602946	1712	6
7894550602947	1713	6
7894550602948	1714	6
7894550602949	1715	6
7894550602950	1716	6
7894550602951	1717	6
7894550602952	1718	6
7894550602953	1719	6
7894550602954	1720	6
7894550602955	1721	6
7894550602956	1722	6
7894550602957	1723	6
7894550602958	1724	6
7894550602959	1725	6
7894550602960	1726	6
7894550602961	1727	6
7894550602962	1728	6
7894550602963	1729	6
7894550602964	1730	6
7894550602965	1731	6
7894550602966	1732	6
7894550602967	1733	6
7894550602968	1734	6
7894550602969	1735	6
7894550602970	1736	6
7894550602971	1737	6
7894550602972	1738	6
7894550602973	1739	6
7894550602974	1740	6
7894550602975	1741	6
7894550602976	1742	6
7894550602977	1743	6
7894550602978	1744	6
7894550602979	1745	6
7894550602980	1746	6
7894550602981	1747	6
7894550602982	1748	6
7894550602983	1749	6
7894550602984	1750	6
7894550602985	1751	6
7894550602986	1752	6
7894550602987	1753	6
7894550602988	1754	6
7894550602989	1755	6
7894550602990	1756	6
7894550602991	1757	6
7894550602992	1758	6
7894550602993	1759	6
7894550602994	1760	6
7894550602995	1761	6
7894550602996	1762	6
7894550602997	1763	6
7894550602998	1764	6
7894550602999	1765	6
7894550603000	1766	6
7894550603001	1767	6
7894550603002	1768	6
7894550603003	1769	6
7894550603004	1770	6
7894550603005	1771	6
7894550603006	1772	6
7894550603007	1773	6
7894550603008	1774	6
7894550603009	1775	6
7894550603010	1776	6
7894550603011	1777	6
7894550603012	1778	6
7894550603013	1779	6
7894550603014	1780	6
7894550603015	1781	6
7894550603016	1782	6
7894550603017	1783	6
7894550603018	1784	6
7894550603019	1785	6
7894550603020	1786	6
7894550603021	1787	6
7894550603022	1788	6
7894550603023	1789	6
7894550603024	1790	6
7894550603025	1791	6
7894550603026	1792	6
7894550603027	1793	6
7894550603028	1794	6
7894550603029	1795	6
7894550603030	1796	6
7894550603031	1797	6
7894550603032	1798	6
7894550603033	1799	6
7894550603034	1800	6
7894550603035	1801	6
7894550603036	1802	6
7894550603037	1803	6
7894550603038	1804	6
7894550603039	1805	6
7894550603040	1806	6
7894550603041	1807	6
7894550603042	1808	6
7894550603043	1809	6
7894550603044	1810	6
7894550603045	1811	6
7894550603046	1812	6
7894550603047	1813	6
7894550603048	1814	6
7894550603049	1815	6
7894550603050	1816	6
7894550603051	1817	6
7894550603052	1818	6
7894550603053	1819	6
7894550603054	1820	6
7894550603055	1821	6
7894550603056	1822	6
7894550603057	1823	6
7894550603058	1824	6
7894550603059	1825	6
7894550603060	1826	6
7894550603061	1827	6
7894550603062	1828	6
7894550603063	1829	6
7894550603064	1830	6
7894550603065	1831	6
7894550603066	1832	6
7894550603067	1833	6
7894550603068	1834	6
7894550603069	1835	6
7894550603070	1836	6
7894550603071	1837	6
7894550603072	1838	6
7894550603073	1839	6
7894550603074	1840	6
7894550603075	1841	6
7894550603076	1842	6
7894550603077	1843	6
7894550603078	1844	6
7894550603079	1845	6
7894550603080	1846	6
7894550603081	1847	6
7894550603082	1848	6
7894550603083	1849	6
7894550603084	1850	6
7894550603085	1851	6
7894550603086	1852	6
7894550603087	1853	6
7894550603088	1854	6
7894550603089	1855	6
7894550603090	1856	6
7894550603091	1857	6
7894550603092	1858	6
7894550603093	1859	6
7894550603094	1860	6
7894550603095	1861	6
7894550603096	1862	6
7894550603097	1863	6
7894550603098	1864	6
7894550603099	1865	6
7894550603100	1866	6
7894550603101	1867	6
7894550603102	1868	6
7894550603103	1869	6
7894550603104	1870	6
7894550603105	1871	6
7894550603106	1872	6
7894550603107	1873	6
7894550603108	1874	6
7894550603109	1875	6
7894550603110	1876	6
7894550603111	1877	6
7894550603112	1878	6
7894550603113	1879	6
7894550603114	1880	6
7894550603115	1881	6
7894550603116	1882	6
7894550603117	1883	6
7894550603118	1884	6
7894550603119	1885	6
7894550603120	1886	6
7894550603121	1887	6
7894550603122	1888	6
7894550603123	1889	6
7894550603124	1890	6
7894550603125	1891	6
7894550603126	1892	6
7894550603127	1893	6
7894550603128	1894	6
7894550603129	1895	6
7894550603130	1896	6
7894550603131	1897	6
7894550603132	1898	6
7894550603133	1899	6
7894550603134	1900	6
7894550603135	1901	6
7894550603136	1902	6
7894550603137	1903	6
7894550603138	1904	6
7894550603139	1905	6
7894550603140	1906	6
7894550603141	1907	6
7894550603142	1908	6
7894550603143	1909	6
7894550603144	1910	6
7894550603145	1911	6
7894550603146	1912	6
7894550603147	1913	6
7894550603148	1914	6
7894550603149	1915	6
7894550603150	1916	6
7894550603151	1917	6
7894550603152	1918	6
7894550603153	1919	6
7894550603154	1920	6
7894550603155	1921	6
7894550603156	1922	6
7894550603157	1923	6
7894550603158	1924	6
7894550603159	1925	6
7894550603160	1926	6
7894550603161	1927	6
7894550603162	1928	6
7894550603163	1929	6
7894550603164	1930	6
7894550603165	1931	6
7894550603166	1932	6
7894550603167	1933	6
7894550603168	1934	6
7894550603169	1935	6
7894550603170	1936	6
7894550603171	1937	6
7894550603172	1938	6
7894550603173	1939	6
7894550603174	1940	6
7894550603175	1941	6
7894550603176	1942	6
7894550603177	1943	6
7894550603178	1944	6
7894550603179	1945	6
7894550603180	1946	6
7894550603181	1947	6
7894550603182	1948	6
7894550603183	1949	6
7894550603184	1950	6
7894550603185	1951	6
7894550603186	1952	6
7894550603187	1953	6
7894550603188	1954	6
7894550603189	1955	6
7894550603190	1956	6
7894550603191	1957	6
7894550603192	1958	6
7894550603193	1959	6
7894550603194	1960	6
7894550603195	1961	6
7894550603196	1962	6
7894550603197	1963	6
7894550603198	1964	6
7894550603199	1965	6
7894550603200	1966	6
7894550603201	1967	6
7894550603202	1968	6
7894550603203	1969	6
7894550603204	1970	6
7894550603205	1971	6
7894550603206	1972	6
7894550603207	1973	6
7894550603208	1974	6
7894550603209	1975	6
7894550603210	1976	6
7894550603211	1977	6
7894550603212	1978	6
7894550603213	1979	6
7894550603214	1980	6
7894550603215	1981	6
7894550603216	1982	6
7894550603217	1983	6
7894550603218	1984	6
7894550603219	1985	6
7894550603220	1986	6
7894550603221	1987	6
7894550603222	1988	6
7894550603223	1989	6
7894550603224	1990	6
7894550603225	1991	6
7894550603226	1992	6
7894550603227	1993	6
7894550603228	1994	6
7894550603229	1995	6
7894550603230	1996	6
7894550603231	1997	6
7894550603232	1998	6
7894550603233	1999	6
